# unix_time, cycles_done, cur_path, paths_total, pending_total, pending_favs, map_size, unique_crashes, unique_hangs, max_depth, execs_per_sec
1680645203, 0, 0, 141, 141, 31, 5.17%, 0, 0, 1, 46.48
1680645208, 0, 0, 204, 204, 31, 5.60%, 0, 0, 2, 282.23
1680645213, 0, 0, 210, 210, 31, 5.63%, 0, 0, 2, 644.16
1680645218, 0, 0, 214, 214, 31, 5.64%, 0, 0, 2, 371.90
1680645228, 0, 0, 215, 215, 31, 5.64%, 0, 0, 2, 320.56
1680645238, 0, 0, 217, 217, 31, 5.64%, 0, 0, 2, 237.50
1680645254, 0, 0, 218, 218, 31, 5.64%, 0, 0, 2, 242.41
1680645274, 0, 0, 219, 219, 31, 5.64%, 0, 0, 2, 215.67
1680645279, 0, 0, 220, 220, 31, 5.64%, 0, 0, 2, 289.35
1680645300, 0, 0, 221, 221, 31, 5.64%, 0, 0, 2, 297.32
1680645310, 0, 0, 226, 226, 31, 5.65%, 0, 0, 2, 762.57
1680645315, 0, 3, 275, 274, 74, 5.67%, 0, 0, 2, 427.66
1680645320, 0, 3, 291, 290, 74, 5.68%, 0, 0, 2, 298.37
1680645325, 0, 3, 298, 297, 74, 5.68%, 0, 0, 2, 268.44
1680645330, 0, 3, 301, 300, 74, 5.68%, 0, 0, 2, 479.53
1680645335, 0, 3, 314, 313, 74, 5.68%, 0, 0, 2, 306.36
1680645340, 0, 3, 321, 320, 74, 5.68%, 0, 0, 2, 240.09
1680645345, 0, 3, 322, 321, 74, 5.68%, 0, 0, 2, 212.62
1680645356, 0, 3, 323, 322, 74, 5.68%, 0, 0, 2, 832.55
1680645366, 0, 3, 326, 325, 74, 5.68%, 0, 0, 2, 409.42
1680645376, 0, 3, 330, 329, 74, 5.68%, 0, 0, 2, 238.51
1680645396, 0, 3, 331, 330, 74, 5.68%, 0, 0, 2, 171.34
1680645401, 0, 3, 332, 331, 74, 5.68%, 0, 0, 2, 824.11
1680645406, 0, 3, 335, 334, 74, 5.68%, 0, 0, 2, 334.61
1680645411, 0, 4, 336, 334, 78, 5.68%, 0, 0, 2, 360.79
1680645416, 0, 4, 369, 367, 78, 5.70%, 0, 0, 2, 239.66
1680645421, 0, 4, 377, 375, 78, 5.70%, 0, 0, 2, 212.77
1680645427, 0, 4, 381, 379, 78, 5.70%, 0, 0, 2, 771.38
1680645432, 0, 4, 386, 384, 78, 5.70%, 0, 0, 2, 384.68
1680645447, 0, 4, 387, 385, 78, 5.70%, 0, 0, 2, 247.02
1680645457, 0, 4, 388, 386, 78, 5.70%, 0, 0, 2, 189.51
1680645473, 0, 4, 390, 388, 78, 5.70%, 0, 0, 2, 211.62
1680645483, 0, 4, 391, 389, 78, 5.70%, 0, 0, 2, 223.33
1680645493, 0, 4, 395, 393, 78, 5.70%, 0, 0, 2, 215.06
1680645509, 0, 4, 399, 397, 78, 5.70%, 0, 0, 2, 235.96
1680645514, 0, 4, 401, 399, 78, 5.70%, 0, 0, 2, 196.34
1680645524, 0, 4, 402, 400, 78, 5.70%, 0, 0, 2, 248.91
1680645539, 0, 5, 432, 429, 78, 5.70%, 0, 0, 2, 248.70
1680645544, 0, 5, 439, 436, 78, 5.70%, 0, 0, 2, 218.14
1680645549, 0, 5, 444, 441, 78, 5.70%, 0, 0, 2, 513.54
1680645554, 0, 5, 447, 444, 78, 5.70%, 0, 0, 2, 512.26
1680645559, 0, 5, 448, 445, 78, 5.70%, 0, 0, 2, 329.07
1680645564, 0, 5, 453, 450, 78, 5.70%, 0, 0, 2, 260.04
1680645569, 0, 5, 454, 451, 78, 5.70%, 0, 0, 2, 222.22
1680645600, 0, 5, 457, 454, 78, 5.70%, 0, 0, 2, 204.04
1680645621, 0, 5, 460, 457, 78, 5.70%, 0, 0, 2, 197.17
1680645636, 0, 5, 461, 458, 78, 5.70%, 0, 0, 2, 209.97
1680645646, 0, 7, 469, 465, 79, 5.72%, 0, 0, 2, 229.16
1680645651, 0, 7, 501, 497, 79, 5.72%, 0, 0, 2, 174.20
1680645656, 0, 7, 507, 503, 79, 5.72%, 0, 0, 2, 145.30
1680645661, 0, 7, 509, 505, 79, 5.72%, 0, 0, 2, 178.67
1680645666, 0, 7, 511, 507, 79, 5.72%, 0, 0, 2, 157.85
1680645677, 0, 7, 513, 509, 79, 5.72%, 0, 0, 2, 184.19
1680645702, 0, 7, 514, 510, 79, 5.73%, 0, 0, 2, 310.31
1680645829, 0, 7, 515, 511, 79, 5.73%, 0, 0, 2, 162.83
1680645930, 0, 7, 516, 512, 79, 5.73%, 0, 0, 2, 173.81
1680645966, 0, 8, 517, 512, 80, 5.73%, 0, 0, 2, 277.61
1680645971, 0, 8, 533, 528, 80, 5.77%, 0, 0, 2, 395.09
1680645981, 0, 8, 536, 531, 80, 5.77%, 0, 0, 2, 488.85
1680646017, 0, 8, 540, 535, 80, 5.79%, 0, 0, 2, 1604.29
1680646022, 0, 8, 541, 536, 80, 5.80%, 0, 0, 2, 218.40
1680646027, 0, 10, 550, 544, 89, 5.82%, 0, 0, 2, 443.40
1680646032, 0, 10, 568, 562, 89, 5.84%, 0, 0, 2, 445.58
1680646037, 0, 10, 571, 565, 89, 5.84%, 0, 0, 2, 408.93
1680646043, 0, 10, 573, 567, 89, 5.84%, 0, 0, 2, 319.83
1680646048, 0, 10, 574, 568, 89, 5.84%, 0, 0, 2, 272.55
1680646058, 0, 10, 576, 570, 89, 5.85%, 0, 0, 2, 248.65
1680646063, 0, 10, 577, 571, 89, 5.85%, 0, 0, 2, 239.91
1680646083, 0, 10, 578, 572, 89, 5.85%, 0, 0, 2, 198.80
1680646099, 0, 10, 580, 574, 89, 5.85%, 0, 0, 2, 441.35
1680646104, 0, 10, 584, 578, 89, 5.85%, 0, 0, 2, 247.12
1680646134, 0, 10, 589, 583, 89, 5.88%, 0, 0, 2, 1599.65
1680646139, 0, 10, 590, 584, 89, 5.89%, 0, 0, 2, 206.51
1680646144, 0, 10, 591, 585, 89, 5.89%, 0, 0, 2, 204.28
1680646160, 0, 12, 604, 597, 102, 5.89%, 0, 0, 2, 172.23
1680646165, 0, 12, 605, 598, 102, 5.89%, 0, 0, 2, 231.74
1680646256, 0, 12, 606, 599, 102, 5.90%, 0, 0, 2, 1038.43
1680646262, 0, 13, 606, 598, 103, 5.90%, 0, 0, 2, 171.44
1680646267, 0, 13, 612, 604, 103, 5.92%, 0, 0, 2, 196.18
1680646272, 0, 13, 614, 606, 103, 5.92%, 0, 0, 2, 183.48
1680646277, 0, 13, 618, 610, 103, 5.92%, 0, 0, 2, 171.63
1680646282, 0, 13, 621, 613, 103, 5.92%, 0, 0, 2, 161.94
1680646318, 0, 13, 622, 614, 103, 5.92%, 0, 0, 2, 151.78
1680646323, 0, 13, 623, 615, 103, 5.92%, 0, 0, 2, 150.87
1680646343, 0, 13, 624, 616, 103, 5.92%, 0, 0, 2, 139.00
1680646354, 0, 13, 625, 617, 103, 5.92%, 0, 0, 2, 143.99
1680646379, 0, 13, 627, 619, 103, 5.94%, 0, 0, 2, 241.99
1680646497, 0, 13, 628, 620, 103, 5.94%, 0, 0, 2, 165.22
1680646650, 0, 13, 629, 621, 103, 5.94%, 0, 0, 2, 142.93
1680646656, 0, 13, 631, 623, 103, 5.95%, 0, 0, 2, 192.17
1680647697, 0, 13, 632, 624, 103, 5.95%, 0, 0, 2, 202.22
1680649449, 0, 14, 632, 623, 113, 5.95%, 0, 0, 2, 198.81
1680649454, 0, 14, 637, 628, 113, 5.95%, 0, 0, 2, 203.56
1680649459, 0, 14, 638, 629, 113, 5.95%, 0, 0, 2, 1370.00
1680649464, 0, 14, 639, 630, 113, 5.95%, 0, 0, 2, 208.56
1680649479, 0, 14, 640, 631, 113, 5.95%, 0, 0, 2, 248.11
1680649485, 0, 14, 642, 633, 113, 5.95%, 0, 0, 2, 227.48
1680649577, 0, 14, 643, 634, 113, 5.96%, 0, 0, 2, 1074.63
1680649582, 0, 14, 644, 635, 113, 5.96%, 0, 0, 2, 501.24
1680649607, 0, 15, 644, 634, 112, 5.96%, 0, 0, 2, 176.48
1680649617, 0, 15, 646, 636, 112, 5.96%, 0, 0, 2, 217.35
1680649623, 0, 15, 647, 637, 112, 5.96%, 0, 0, 2, 206.99
1680649628, 0, 15, 652, 642, 112, 5.97%, 0, 0, 2, 139.21
1680649633, 0, 15, 654, 644, 112, 5.97%, 0, 0, 2, 120.34
1680649638, 0, 15, 657, 647, 112, 5.97%, 0, 0, 2, 107.78
1680649658, 0, 15, 658, 648, 112, 5.97%, 0, 0, 2, 102.12
1680649699, 0, 15, 659, 649, 112, 5.97%, 0, 0, 2, 125.82
1680649914, 0, 15, 660, 650, 112, 5.97%, 0, 0, 2, 110.25
1680649944, 0, 15, 661, 651, 112, 5.97%, 0, 0, 2, 100.65
1680650006, 0, 15, 662, 652, 112, 5.97%, 0, 0, 2, 98.94
1680650155, 0, 15, 663, 653, 112, 5.97%, 0, 0, 2, 120.06
1680650165, 0, 15, 664, 654, 112, 5.97%, 0, 0, 2, 144.79
1680655041, 0, 16, 664, 653, 115, 5.97%, 0, 0, 2, 6.87
1680655544, 0, 16, 665, 654, 115, 5.97%, 0, 0, 2, 5.22
1680655549, 0, 16, 669, 658, 115, 5.97%, 0, 0, 2, 6.05
1680655554, 0, 16, 672, 661, 115, 5.97%, 0, 0, 2, 7.56
1680655559, 0, 16, 674, 663, 115, 5.97%, 0, 0, 2, 8.51
1680655564, 0, 16, 676, 665, 115, 5.97%, 0, 0, 2, 28.18
1680655570, 0, 16, 678, 667, 115, 5.97%, 0, 0, 2, 22.81
1680655575, 0, 16, 679, 668, 115, 5.97%, 0, 0, 2, 18.46
1680655580, 0, 16, 682, 671, 115, 5.97%, 0, 0, 2, 24.42
1680655585, 0, 16, 684, 673, 115, 5.97%, 0, 0, 2, 18.05
1680655631, 0, 16, 687, 676, 115, 5.97%, 0, 0, 2, 17.59
1680655693, 0, 16, 688, 677, 115, 5.97%, 0, 0, 2, 12.75
1680655698, 0, 16, 690, 679, 115, 5.97%, 0, 0, 2, 16.51
1680655781, 0, 16, 691, 680, 115, 5.97%, 0, 0, 2, 11.91
1680655786, 0, 16, 692, 681, 115, 5.97%, 0, 0, 2, 13.12
1680655791, 0, 16, 694, 683, 115, 5.97%, 0, 0, 2, 12.38
1680655842, 0, 16, 695, 684, 115, 5.97%, 0, 0, 2, 9.80
1680655966, 0, 16, 696, 685, 115, 5.97%, 0, 0, 2, 18.37
1680655971, 0, 16, 697, 686, 115, 5.97%, 0, 0, 2, 12.74
1680656047, 0, 16, 699, 688, 115, 5.97%, 0, 0, 2, 15.87
1680656176, 0, 16, 700, 689, 115, 5.97%, 0, 0, 2, 14.65
1680656181, 0, 16, 701, 690, 115, 5.97%, 0, 0, 2, 12.66
1680656238, 0, 16, 702, 691, 115, 5.97%, 0, 0, 2, 13.95
1680656386, 0, 16, 703, 692, 115, 5.97%, 0, 0, 2, 11.78
1680656607, 0, 16, 704, 693, 115, 5.97%, 0, 0, 2, 11.97
1680657109, 0, 16, 705, 694, 115, 5.97%, 0, 0, 2, 9.38
1680657863, 0, 16, 706, 695, 115, 5.97%, 0, 0, 2, 8.46
1680658058, 0, 16, 707, 696, 115, 5.97%, 0, 0, 2, 12.07
1680659385, 0, 16, 708, 697, 115, 5.97%, 0, 0, 2, 12.60
1680661973, 0, 16, 709, 698, 115, 5.97%, 0, 0, 2, 8.75
1680664257, 0, 16, 710, 699, 115, 5.97%, 0, 0, 2, 10.28
1680678050, 0, 16, 711, 700, 115, 5.97%, 0, 0, 2, 10.72
